
-1 -1  -1  -1  -1  -1  -1  -1  -1
0   1   2   3   4   5   6   7   8

Union(0,6)
6  -1  -1  -1  -1  -1  -2  -1  -1
0   1   2   3   4   5   6   7   8

Union(2,4)
6  -1   4  -1  -2  -1  -2  -1  -1
0   1   2   3   4   5   6   7   8

Union(0,8)
6  -1   4  -1  -2  -1  -2  -1   6
0   1   2   3   4   5   6   7   8

Union(2,6)
6  -1   4  -1   6  -1  -3  -1   6
0   1   2   3   4   5   6   7   8

Union(1,7)
6   7   4  -1   6  -1  -3  -2   6
0   1   2   3   4   5   6   7   8

Union(0,1)
6   7   4  -1   6  -1  -3   6   6
0   1   2   3   4   5   6   7   8

Union(3,7)
6   7   4   6   6  -1  -3   6   6
0   1   2   3   4   5   6   7   8